21106.7 22346.7 23201.1 23591.6 24133.7 24789.2 28656.5 28918.5 28934.2 28989.4 29196.2 29246.8 29283.9 29296.6 29358.4 29404.9 29404.9 29404.9 29404.9 29519.6 29520.3 29760.5 29769.8 29989.2 30268.5 30434.4 30488.6 30689.7 30762.8 30844.7 30866.2 31044.5 31387 31713.1 31991.7 37202.8 37663.8 38641.5 42290 43231.5
19632.8 19701.8 19867.6 19891.2 20258.8 20291.1 21008.7 21106.7 21129.9 22346.7 22428.4 22451.9 22675.8 22937.1 23201.1 23591.6 23656.1 23838.2 24098.3 24407.4 24688.4 25297.3 25410.3 25577.4 26635.9 27094.1 27189.2 29363.9 29428.6 29433.2 29433.2 30339 31098 31127 31542.5 31855.2 33938 37212.2 39967 41224.9
18314.7 18509.3 19233.7 19271.1 19354.5 19503.3 19632.8 19667.8 19701.8 19724.1 19828.5 19867.6 19891.2 19974.8 20048.7 20058.4 20200.4 20353.9 20430.4 20667.7 20791.4 20869.2 20941.5 21117.2 21674.6 21813.8 21977.5 22308.6 22369.4 22601.1 22718.9 23213 23213 23305.9 23543.1 26799.8 29513 34086.1 47022.9 48806.8
18153.1 18314.7 18390.6 18417.3 18509.3 18509.3 18630.5 18728.1 18998.3 19008.9 19122.9 19233.7 19271.1 19307.8 19377.5 19459.5 19495.1 19720.2 20116 20400.3 20425.4 20450.5 20538.2 21131 21563.7 21650.7 21675 21781.3 21966.7 21997.7 22280.5 22280.5 22451.8 22622.7 23654.3 24310.7 26852.8 29076.2 33003.9 34054.1
18153.1 18248.5 18308.5 18314.7 18390.6 18394.6 18417.1 18417.3 18568.9 18929.2 19072.4 19163.8 19189.2 19232 19251.1 19464.8 19546.2 19856.3 19908.2 20245.6 20711.1 20882.8 20882.8 21103.1 21216.8 21512 22067.8 22107.1 22819.4 23063.8 23619.3 24537.7 25604.7 25910.8 27200.4 28966.4 35281.9 40887.1 43426.9 62961
17713.5 18123.3 18153.1 18156.6 18248.5 18308.5 18314.7 18455.3 18668.2 18765.8 19147.7 19264.2 19273.6 19280.3 19502 19889.4 19957 20073 20126.1 20644.8 20672.4 21357.4 21423 21586.8 21588.5 22221.5 24014.4 27185 29340.1 29797.4 29931.6 30797.3 33970.4 38059.7 41372.5 41475.1 41676.5 43403 44842.3 62302.1
8291.8 17713.5 17861.3 17885.1 18123.3 18130.1 18153.1 18155.3 18156.6 18271.7 18307.2 18512.5 18695.8 19380.7 19438 19945 19980.7 20824.1 21084.5 21314.3 21401.1 21486.2 21599.4 21857.2 22417.2 22533.5 22533.5 22557.6 22617.1 22896.3 23229.4 25702.7 30824.7 35995.9 39933.2 40260.9 46961 50026.7 50821.1 61822.1
2342.92 3180.86 8291.8 12703.1 17293.2 17713.5 17761.9 17861.3 17885.1 18447.2 19259.7 19487.6 19706.7 19781.5 20432.9 20991.5 22105 22281 22523.4 22645.6 24197.3 27618.5 28622.2 29254.2 30242 30676.5 35354 38056.3 39435.1 42788.7 43475.4 46905.3 53942.7 65260.4 65860.7 67351.8 73746.6 80901.6 102393 126450
2234.86 2245.37 2342.92 2342.92 3180.86 3359.28 5786.5 8291.8 12703.1 13127.8 17663 17701 18561.8 18674.4 19537.8 19648.6 20077.6 20159.7 20315.1 20330.5 20372.7 20448.2 20838.5 20875.3 21292.6 21363.5 21730.8 23383.2 24684.9 26484.4 26634.5 26736.7 27073.5 27208.1 31929.3 33864.6 107114 110870 113707 114116
2234.86 2245.37 2340.78 2342.92 2342.92 2343.18 2372.52 3521.78 3547.8 12288.6 12595.4 13357 15465.8 18166.8 18339.2 18422.6 18576.7 18703.5 18880.1 19956.9 20694.3 20694.3 20807.1 20819.4 22338.5 24210.8 24553.7 27895.5 28445.8 28603.6 28846.8 30312.7 30371 30750.5 31340.2 31448.2 33639.4 36519.6 36893.8 110752
2211.72 2234.86 2245.37 2340.78 2342.92 2377.47 2405.42 2536.03 3647.91 12231.3 17656.3 18429.5 19077.3 19278.7 19352.8 19655.5 19663.8 20661.7 21240.3 21306.3 22210.3 22486 23175 27704.9 28006.4 28280.8 28823.7 29296.7 29391.9 30089.8 30605.4 30734.4 34361.9 35662.8 38645.6 43027.7 44875.7 48726.4 52994.7 108907
2211.72 2234.86 2245.37 2297.9 2311.67 2338.23 2338.23 2339.95 2340.78 4022.1 13793 14310.6 14948.4 17002.1 18170.6 19160.6 19520.8 19735.8 19892 20041.7 20665.2 20744.2 21213 21723.3 24244.2 24532.3 24698.6 25066.6 25518.9 28316.3 28911.9 29941.5 30963.4 31369 31521.6 34515.1 36179.7 37020.1 42835.5 47997.2
2211.72 2234.86 2245.37 2287.05 2287.72 2297.9 2305.93 2323.59 2329.43 3478.43 14996.2 18293.5 18687.8 18697.5 19292.8 19527.3 19560.1 20153.8 20234.9 20524.9 20551.3 20631.3 21919.1 22761.2 23037.5 23668.9 23926.3 24689.9 24784.6 27608.3 29895.3 30774 30926.6 31636.5 38309.5 38309.5 46735.5 57302.3 59530.4 118242
2161.66 2211.72 2234.86 2245.37 2287.03 2287.05 2298.65 2316.53 2735.17 8263.36 13947 15591.7 18215 18869.3 20115.7 20350.7 20655.4 21438 23108.7 23109.2 23735.3 24998.8 28178.7 28543.9 30667.2 31553.6 31553.8 32962.7 34117.7 35023.1 35146 35263.4 35632.1 39456.8 44151.6 46931.6 69243.3 116367 127773 127773
2111.29 2161.66 2211.72 2234.86 2245.37 2263.72 6450.23 8247.59 12319.6 12996.8 13398.7 13654.8 14411.3 15237.5 15676.6 15909.7 17504.7 18644.4 20042.3 20605.9 21741.1 21888.7 22584.2 22664.2 22664.2 23227.7 28487.1 28546.4 28830.3 29325.3 30301.4 36616.2 36901.3 36915.1 38926.6 39761.5 42515.9 47914.3 49359.9 49553.1
2092.44 2111.29 2161.66 2169.67 2211.72 2234.86 2263.27 3468.76 3606.35 7936.88 10787.1 11811.8 12677.7 16586.6 17132.8 18466.2 19748.5 20055.2 22664 24862.5 26313.7 27186 27644.3 28372.7 29545.9 29808.2 30272.6 30347.2 30989.8 32363.8 32387.4 33117.3 33561.7 33884.6 34424.2 35380.8 35937 36801.4 37138.9 62276.9
2001.67 2092.44 2096.11 2111.29 2126.28 2161.66 2169.67 2182.78 2182.95 2185.82 2208.2 3243.04 3367.45 4206.47 9518.78 10670 12575.9 13637.3 14967.3 15003.1 15818 15848.8 18716.7 18893.6 19832.4 20435.4 21085.5 22450.3 23072.3 25797.9 26460.9 26552.3 27836.5 29156.5 29459 33064.7 33090.4 37479.4 60644.5 63997.3
1994.74 2001.67 2014.93 2036.59 2038.29 2068.56 2085.68 2092.44 2096.11 2111.29 2125.75 2132.07 3293.79 3367.44 3418.87 8593.09 11152.3 14346.6 14471.8 14620.7 17122 18378 19536.4 19744.9 19948.3 20918.3 25404 29360.5 29627.7 29647.8 30542.9 31195.9 31417.6 33386.9 38929.9 39323.2 40642.5 51596.2 61433 67644.1
1976.4 1994.74 1994.77 2001.67 2003.38 2014.93 2036.59 2112.48 5636.25 13317.4 13856.8 14225.7 15094.3 17770.4 18407.7 18852.2 18862.9 19334.3 20408.3 21851.2 26900.6 28259.2 29338.3 30530 31122.3 31206.8 32273.7 32750.4 32802.4 32802.4 33536 34972.4 36578.8 37704.5 40610.5 42070.5 61786.9 62500.4 63372 71293.8
1976.4 1987.55 1994.74 1994.77 2001.67 2193.18 2262.43 5467.76 9539.55 14821.1 16417.1 16996 21906.2 22161.6 23040.4 24146.2 24519.3 24744.7 28116.9 29179.5 29283.9 29335.8 29639.1 29753.1 30044.8 30162 30871.1 30962.6 31069.2 32354.3 32481.4 35199 38414.2 38992.6 40859.6 41683.2 42821.4 44117 46194.2 118926
1957.09 1965.58 1976.4 1976.4 1987.55 1994.74 1994.77 2079.49 19870.9 21235.5 21819.9 22203.3 22365.7 22758 23135.3 23510.1 24586.2 24597.8 25820.1 26287.2 26801.5 29167.1 29375.2 29559.4 30036.7 31180.1 31508.5 31508.5 33033.6 33833.4 34431.8 34885.9 36273.6 39888.5 40486 41447.7 41545.1 42371.7 63400.2 66290.6
1938.97 1957.09 1965.58 1965.58 1976.4 1976.4 5891.55 10349.2 12138.6 14710.6 18666.7 19359.3 19429 19829.3 20323.4 20760.1 20820.1 21575.7 21575.7 21795 23553.5 23885.3 24149.5 24528.2 25455.5 28967.8 29511 29529 29821.6 29824.9 30735.1 31832.5 32628 33529.3 34316.7 34325.3 34592.9 43935.2 62592.3 64720.6
1910.26 1938.97 1943.71 1957.09 1965.58 1965.58 2089.28 14374.5 14714.2 15185.8 17021.9 18414.2 18873.7 20038.7 20559.8 21305.6 21631.5 21965.3 22555 24967.3 25579.3 26344.2 26461.3 27493.2 28596 28965.8 29269.3 29444.4 30966.2 32882.1 33769.4 34060.5 35838.8 36829.7 38227.3 42847.7 43366.8 43741.4 46635.4 70500.2
1909.09 1910.26 1912.95 1938.97 1943.71 1957.09 3228.95 8849.04 10669.6 11811.9 12607.6 14735.5 18010.2 18225.8 18683 18728.6 18886.1 19172.2 19388.8 20457.4 20460.6 20522.2 20597 20939.1 21021.6 22660 23203.9 23292.3 24818.9 30495.1 31120.7 31854 32392.5 33185.6 33487 34160.3 35235.3 38330.5 46850.2 47556.7
1905.5 1909.09 1910.26 1912.95 1914.6 1938.97 1939.74 2064.56 11025.6 15094.5 15215.2 15248.5 15493.6 16053.2 18510.4 18603.9 20409.4 21862.4 21926.2 26758.4 27375.1 28635.5 28917 29294.3 30257 30686.5 33035 33613.4 34389 44185.9 45201.1 45244 45736.7 45897.7 47063.1 55322 56330.2 62444.7 62444.7 62794.2
1889.45 1905.5 1909.09 1909.09 1910.26 1912.95 1984.38 4376.88 4713.63 18333.8 18672 19526.4 19912.1 20032.6 20480.8 20539.5 20903.2 21803.3 22321.7 22482.6 22810.9 23816.5 26423.2 27525.8 27654.7 29263.3 29364.3 29967.2 30358.1 30851.8 31056.6 31783.7 31921.9 32049.6 32114.9 32329.9 39198.4 40896.7 42194.1 65072.8
1889.45 1905.5 1905.52 1909.09 1909.09 1935.12 1991.19 2173.36 7723.04 7868.02 8779.1 11497 13524.6 17359.7 17985.2 19100.6 19144.1 19503.4 20192.7 20383.1 21623.2 22721.3 23555.8 23739.7 24105 24295 25486.9 25517.9 26421.4 26511.5 26571.2 27929.9 28322.1 29299.8 29763.4 32354.3 32879.4 33206.5 110985 112924
1889.45 1905.5 1905.52 1909.09 1934.13 1989.11 4042.32 4042.32 4312.04 6669.81 9692.41 13174.1 17731 18105.8 19058.6 19311.9 20231.8 20285.2 20382.2 20575.4 21882.3 22615.4 22988.9 23056.3 23617.3 26367.4 27455.4 28408.5 28408.5 29210.6 29408.8 31064.1 32823.8 33061.2 33163.8 34042 38008.8 55344.2 58238.5 62046.2
1875.41 1889.45 1905.5 1905.5 1905.52 1909.09 7177.86 12581.8 18755.8 19438.9 19833.6 20368.4 20457.8 20865.3 21257.4 21315.7 22193.3 24014.4 24017.1 24054.8 24315.2 25724.3 25724.3 28326.6 28983.5 29168.1 32245.6 32727.2 33607.5 33801.7 34850.5 43720.8 43867 45792.7 46295.1 47527 63733.2 63801.2 71187.8 71187.8
1875.41 1889.45 1889.45 1902.51 1905.5 1905.5 14827.1 15091.5 19107.5 19893.9 20157 21358.5 22098.4 22948.1 23156.7 23644.9 23787.4 25601 25905.3 26176.3 26489.7 27780.7 28563.2 28784.5 29543.4 30056.1 30562.4 30989.9 31785.8 32946.4 33273.7 34121.2 34282.2 36914.3 37364.3 38171.9 38846.2 47159.7 52366.8 67562
1875.41 1889.45 1889.45 1902.51 1911.97 3008.5 3359.33 13554.5 15539.7 15847.4 16563.4 17626.3 18384.3 18691.7 18856.4 18957.6 20673.7 20755.4 22708.8 24207.9 26238.4 27134.2 28194.5 28978.2 28992.6 31602.4 32138.5 32872.6 34878.4 36311.2 41409.8 42795.3 43981 55740.2 56173.1 57419.9 57995.8 58206.6 59172.4 71424.2
1837.24 1875.41 1889.45 1889.45 1902.51 3638.51 6784.83 8488.47 9513.71 14471.5 15927.2 15941 16086.8 16336.7 16498.2 16498.2 19383.5 19642.3 20117.1 20835.8 20920.9 21175.8 21409.8 21759.4 21790.4 22465.3 23823.6 27960.3 29715.3 30059.6 31642.2 33831.2 34281.7 34475.9 35472.1 36712.4 38994.9 49503.3 65331.6 65331.6
1837.24 1875.41 1889.45 1889.45 1889.45 3051.73 3336.41 12910.9 15517.2 16145.8 16919.4 17845.7 18087.2 18430.8 19952.3 21982.7 24122.1 26618.7 26699.9 26905.9 26935 28873.6 29309.1 30100.8 31847.5 32057 33016.7 37927.3 43814.9 44916.5 49613 60086.8 61025.3 61033.1 61056.4 61365.3 62272.6 63830.2 66598 74324.8
1811.64 1837.24 1875.41 1889.45 1889.45 1901 1912.07 3883.04 15296.9 16739.5 17745.6 18080.5 19289.8 19929.5 20174.7 20524.2 27053.9 28460.9 28464.4 30009 30100 32154.4 33094.7 33527.4 34221.7 34383.1 35058.5 35332.5 35598.8 36105.9 41147.1 41182.1 41368.6 50806.9 59954.2 62096.8 62338.9 62785.1 64562.6 70710.2
1811.64 1837.24 1875.41 1886.74 1889.45 1947.75 1960.69 4389.83 5908.79 6248.06 10110.8 11888.2 14126.5 14290.4 16889 17599 20062.4 20262.5 20615.1 20975.8 23019.9 23200.6 28662.1 29050.1 29052.6 29525.7 29540.4 29752.9 30518.9 30945.8 31697 31899.4 32403.5 33612.1 34145.5 34931.8 35362.6 49965.1 59052.3 64470.4
1764.75 1811.64 1827.72 1837.24 1861.44 1875.41 1886.74 1902.53 1906.73 1919.5 1954.97 2013.93 2031.53 3389.91 3467.04 10798.5 12117.5 13348.6 13402.9 13534.9 17903.4 18150.9 18267.3 18740.5 20055.4 20083.1 20626.2 20782.7 21080.9 21543.4 22529 23498.4 25105.5 28000.7 30647.1 31996.3 34127.5 39281.8 43573.1 44405.2
1764.75 1811.64 1827.72 1829.55 1837.24 1843.69 1888.38 1897.02 1897.55 2136.21 2180.77 3975.75 5575.09 5957.26 8738.07 10601.7 11840.3 13976.5 14019.9 21442 23645 26742.7 26818.3 28047.8 28540.6 29516.9 29690.1 29692.7 29893.4 30061.8 30077.5 31127.6 31391.4 34877.4 34914.4 38779.1 41128 47340.1 50465.4 63299.6
1764.75 1776.25 1811.64 1827.72 1829.55 1830.12 1844.73 1876.89 1930.84 2073.81 6849.79 9821.99 13566.8 15066.5 15909.1 19247.9 21203.5 22749.4 23753.5 27727.5 27770.8 28107.2 28765.2 28822.6 31049.9 31146.6 31261.5 31566.3 31636.5 31856.4 32681.2 32703.3 34452.2 35596.5 39400.5 47232.2 50364.8 52393.6 59857.9 63296.8
1764.75 1776.25 1796.24 1811.64 1827.72 1865.18 1945.07 3234.13 12817.9 17091 22503 23174.7 25514.2 25777.3 27154.5 27192.9 29249.2 29255.3 29351.4 29407.2 30431.6 30483.2 30490.5 30750.5 30842.2 31874.9 32308.7 32695.2 33704.3 35756.9 37372.8 42819 43301.9 43775 55095.1 56057.4 57163.3 57882 60384.1 62903.4
1764.75 1771.04 1776.25 1796.24 1811.64 1946.6 13788.5 15474.6 18923.2 19417.3 20238.1 21006.9 21497.4 21593.3 21822.2 21957.7 22204.9 22336.8 22351.2 23157.8 23530.5 23606.2 24125.1 26454.9 28772.6 29068.6 29382.2 29711.9 30124.5 33496 33977.6 34211.4 34883.8 35291.3 36882.9 39647.3 40905.6 49603.9 55871.9 64372.4
1764.75 1771.04 1776.25 1796.24 1819.7 2095.29 9168.72 18096.3 19696.2 19723 19803.8 20668.6 20883.4 20886.7 21252.4 22118.7 22845.6 23042.3 27541.2 28272.6 28666.1 29103.7 30074.5 30335.9 30758.7 31456.8 32343.7 35813.6 36780.2 36839.6 37094.6 38684 42094.4 42360.1 46521.2 49142 54129.5 55593.8 60388.1 61922.6
1764.75 1766.16 1771.04 1776.25 1776.25 1796.24 1878.57 8290.47 11263.4 12721.6 14859.7 18321.8 18552.3 18694.4 20426.9 21899.9 22413.8 22773.6 23130.2 24470.2 24817.3 26956.9 28597.4 29042.2 29063.1 29363.6 30049.6 30179.2 30581.5 30597.8 31849 33105.6 33960.7 34470.2 34829.8 35032.3 40863.4 49135.6 57862.9 57966.1
1737.78 1764.75 1766.16 1771.04 1774.52 1776.25 3521.52 6382.53 14244.8 18423.3 18462.3 19113.3 20406.9 21751.9 23438 23919 24226.4 24605.7 24669.5 25047.6 26625.5 27074.9 28424.1 28813.6 29284.2 29531.1 29747.6 30518.9 30960.2 31695.4 32625.1 34236.6 34595.9 35564.9 38912.3 40248.5 40908.4 47412.6 63850.6 77924.4
1721.67 1737.78 1764.75 1766.16 1771.04 1943.65 4342.21 13087.1 14128.3 20474.5 20670 20817.1 21044.8 21874.3 23221.5 26552.9 26719 27955 28971.5 29222.1 29723.5 30158.3 30296 30578.8 30583.2 31836.2 32824.5 33293.6 34087.1 34640.2 35461.9 36377.8 36694.4 38791.8 41261.8 44151.3 44201.1 45165 47188.9 57328.8
1721.67 1737.78 1762.67 1764.75 1766.16 1794.57 1803.25 1990.65 2069.08 7283.13 13849.9 16600.9 18776.9 18934.8 19252 19808.5 22728 22828.4 22992.2 26689.7 28394.9 28429.8 29590.7 29769 29800.1 29987.9 30603.8 31006.3 31084.6 31353.4 31683 31763.4 32120.9 32364.9 32417.8 33077.3 33081 33749 39161.2 42240
1708.82 1721.67 1737.78 1742.77 1762.67 1764.75 8988.19 10719.7 16410.3 17021.7 17924.4 18858.1 18895.8 19157.7 19411 19455.4 19773.8 20136.8 20232.4 22010.8 22101.5 22748.7 22963.8 25663.2 27567.8 28205.7 28429.3 28736.7 28992.2 29281.8 31081.1 31173.3 31480 31640.8 34231.7 34540.6 35194.6 36028.3 36774.2 62043.4
1708.82 1718.4 1721.67 1737.78 1742.77 1835.94 2731.85 7012.08 14430.1 16703.3 18390.3 18512.6 18794.6 18899.9 19255.2 21592 22035.6 22236.4 22719.1 23921.8 25710.3 26946.6 28790.2 29520.6 30075.6 31089.2 31843.4 34494.6 35062.4 43342.6 43884 44044 48024.9 50365.4 51490.5 59978.5 60487.7 63552.8 64316.2 64880.2
1708.82 1718.4 1718.4 1721.67 1729.66 1731.86 1737.78 1760.03 3301.53 3760.6 3831.7 10575.8 14188.1 14552.4 14602.3 16762.9 18592.2 19804.6 20231.4 20441 20468.5 20659.6 20927.6 21399.2 23461.3 23657.4 24866.2 24944.3 27893.6 28075.3 29365.4 30044.3 30302.3 34083.8 34887.9 36339 38229.9 40845.8 60564.7 69249.1
1708.82 1718.4 1718.4 1721.67 1772.63 1783.98 1783.98 1960.51 2867.28 3686.65 3797.49 12326 15275 18526.5 18950.4 19298.1 19344.9 19755.8 19801 19876.4 21126.9 21924.6 21940.8 22052 22489.8 23696.6 28666.1 29871.3 30695.5 31023.3 31171.6 32539.9 36635.4 37781.7 40991.3 46038.1 46326.5 62400.9 62681.9 62992.4
1708.82 1718.4 1718.4 1721.67 1725.67 1759.94 1810.76 1810.86 7933.77 8208.92 14098.6 14188.7 14552.9 16454.1 16730.7 18358.5 19128.3 19216.8 19834 19972 20287.5 21139 21765.4 21851.1 22238.8 22690.9 22985.1 23076.1 23747.9 23889.8 24304.5 24368.8 24791.2 27117 28445.8 32503.7 33528.7 33592 39918.2 42569.6
