7
0 100
1000 500
1500 1500
3000 1000
4000 150
5500 150
6999 800
6500 2800 -90 0 750 90 0
18
0 1800
300 1200
1000 1550
2000 1200
2500 1650
3700 220
4700 220
4750 1000
4700 1650
4000 1700
3700 1600
3750 1900
4000 2100
4900 2050
5100 1000
5500 500
6200 800
6999 600
6500 2000 0 0 1200 0 0


20
0 1000
300 1500
350 1400
500 2100
1500 2100
2000 200
2500 500
2900 300
3000 200
3200 1000
3500 500
3800 800
4000 200
4200 800
4800 600
5000 1200
5500 900
6000 500
6500 300
6999 500
6500 2700 -50 0 1000 90 0


7 
0 100
1000 500
1500 1500
3000 1000
4000 150
5500 150
6999 800
2500 2700 0 0 550 0 0 

