23367.8 23821.9 23847.1 24038.5 25709.2 26460.5 26654.9 26820.1 26997.7 27006.4 27593.7 28135.5 28591.3 29287.3 29398.4 29404.9 29404.9 29404.9 29496.9 29618.9 29955.9 30176.5 30887 30928.4 31107.3 32335.9 32544.3 32632.5 33098.3 33327.5 33664 34819 35724.1 36662.7 36833 37596.8 39445.1 39878.5 43182.6 61240
18863.8 19701.8 20256.2 20666.3 21055.9 21095.9 21283 21601.6 21741 22012.1 22633.1 22683.2 22775.7 23367.8 23372.8 23527.5 23795.8 23821.9 23847.1 23993.6 24025.8 24038.5 24038.5 24294.8 24302.2 24772.3 24858.4 25696.3 25798.4 26911.7 26960.9 27223.2 28218.4 28579.1 29061.6 29172.8 29376.7 32020.2 34206.5 49243.2
18863.8 18909.6 19658.5 19701.8 19784.9 19925.2 20033.6 20241.7 20256.2 20270.6 20455.8 20480.3 20546.5 20666.3 20778.2 20888.6 21357.5 21437.8 21514.7 21642.5 21911.3 21977.5 22019 22053.3 22095.8 22103.1 22685.9 22764 22986.6 23050.2 23166.2 23233.4 23336.5 23534.7 23752.4 24065.6 45888.4 47203.1 52305.1 55265.5
18158.3 18760.6 18863.8 18899.1 18909.6 19135.8 19205.1 19371.3 19524 19658.5 19701.8 19710 19743.1 19835.4 19904 19917.2 19959.4 20236.1 20242.7 20300.2 20389.6 20454 20474.3 20544.5 20597.9 20771.2 20813.1 20847.8 21107.2 21139.4 21341.4 22727.2 23028.8 23104.1 23254.3 25132.1 25366.6 26745.7 29648.8 30456.2
18158.3 18637.4 18760.6 18787 18813.2 18863.8 18899.1 18905.7 18926.7 19046.8 19167 19213.8 19364.6 19370 19489.5 19555 19605.6 19659 19682 19682 19685.4 19700.5 19870.7 19896.8 20176 20332.1 20547.1 20760.3 20868 20884.8 21161.2 21352.1 26546.9 30163 33086.9 34010.5 35303.6 44265.8 50990.4 52902.9
4958.94 18158.3 18327.4 18637.4 18731.2 18749 18760.6 18785.2 18787 18826.3 18848.1 18901.7 18917.7 19078.3 19083.6 19134.4 19151.7 19190.8 19269.4 19347.7 19363.6 19429 19453.2 19521.3 19695.2 19706.9 19718 19746.5 19770.2 19798.3 19806.8 19902.5 20269.1 20334 21132.2 22264.2 22483.3 27344.1 32144.5 32854.9
1318.03 4958.94 13298.9 18148 18158.3 18165.9 18327.4 18365.2 18465.6 18490.1 18574.1 18637.4 18713.1 18721.4 18772.1 18924.5 18930.7 19028.2 19212.9 19228 19691.7 19710.4 19885.6 20073.5 20177 20229.1 20246.1 20346.1 20660.4 21015.1 22427 22988 23594.9 24789.4 26358.6 28245.9 29818.5 30719.1 39896.8 48645.5
1244.6 1318.03 1340.22 2955.4 4958.94 9980.01 12573.6 13298.9 14593.2 14663.3 17659.4 17822.7 17976.8 17990.6 18054.9 18148 18159 18209.2 18228 18261.4 18408.5 18630.5 18867.9 19375.7 19494.2 22539.4 26311 27266.5 28957.4 29294.7 33407.7 36839.7 40827.7 44111.8 44725.4 51364.6 55208.2 55622.4 60943.2 62859.1
1193.65 1202.49 1244.6 1246.68 1258.78 1262.41 1262.88 1277.32 1318.03 1332.03 1340.22 1366.41 2844.4 2955.4 5187.22 9105.38 11132.2 14042.6 14449.4 14490.2 14826 15763.4 15943.4 17733.1 19347.3 19994.7 20248.5 20451.4 20473.7 20543.2 20623 21427.5 21466.3 22111.7 22648.3 23353.8 23526.9 23712.8 28209.9 65936
1193.65 1202.49 1219.46 1240.15 1244.6 1246.68 1272.81 1363.66 13621.6 13881.9 14073.6 18488.5 18744.4 19321.9 19509.2 19646.8 19891.7 19986.1 20127.1 20570.4 21911.4 23088.8 24843.7 25103.4 25495.3 26702.2 27642.2 29553.8 29577.2 29784.9 31804.2 35966.6 37590.8 41012 41219.7 44045.4 52117 53416.1 55726.6 56829
1193.65 1202.49 1219.46 1240.15 1272.79 4062.95 10671.2 10671.2 14630.4 16398.5 17908.4 18311.3 18753.8 18794 18853.2 19161.3 19211.3 19437.3 19527.8 19680.4 19939.1 20043.5 20130.7 20464.7 20594.9 21059.3 22361.3 22745.5 23113.2 24730.5 25515.5 25758.6 25763.2 25820 30056.8 31083.2 34586.8 37037.9 41227.8 44138.6
1187.01 1193.65 1202.49 1213.65 1219.46 1240.15 1271.97 1272.67 2569.85 13641.5 15021.3 18377.7 18502.3 18869.7 18873 18984 19106.4 19135.2 19135.2 19147.9 19169.2 20398.8 20662.5 20666.3 21232.2 21698.5 22388.6 22602.4 23909.2 25413.5 25702.6 28846.2 28846.2 33597.2 35769.6 36912.1 44638.9 48833.5 53622 54694
1172.97 1187.01 1193.48 1193.65 1201.15 1202.49 1207.74 1213.65 7744.33 9065.34 9390.96 9533.31 12282.6 13862.5 17447.6 17679.8 17897.2 18011.6 18292.9 18436.6 18496.6 18538.2 18678.7 18770.2 19180.8 20212.2 20896.3 23272.8 23684.7 29773.4 32113.8 34127 38111.5 45823.6 45852.3 49327.8 54598 55592.5 61504.7 63710
1172.97 1187.01 1193.48 1193.65 2595.55 5606.69 6321.35 6721.24 8148.64 11648.6 13107.1 13818.1 14208 18106.3 18169.3 18917.4 19310.2 19322 19675 19787.5 19830.2 20232.8 20290 21127 21335.1 21760.3 22225 22931 25767 26564 35242.8 35461.1 36202.4 38539.3 39087.4 39693.2 42378.3 60835.6 62296.5 63899.8
1172.97 1187.01 1193.48 1193.65 2626.64 2673.95 2909.23 4759.42 12628.7 15547.8 16180.1 17378.8 18010.8 18371.5 18458.4 18597.9 18793.6 18965.8 18979.8 19027.8 19275.4 19350.5 19543.2 21113.6 21524.8 21649.9 22144 22460.5 23339.7 23508.1 23552.6 33799.4 35853 36823.9 37041.5 38194.2 38194.2 38287.2 41026.2 46513.3
1172.97 1187.01 1193.48 1193.65 1195.56 1211.01 1215.58 1256.13 1298.39 2751.21 3841.07 5356.78 5419.12 8026.93 10800.8 13362.9 14611.1 16651.6 16932.8 18150.7 20961.2 21672.1 21712.2 22559.6 25098.1 25203.6 27406.2 27953.9 29338.2 29882.6 32282.8 33964 35479.9 38733.4 41871.3 42989.3 43037.2 43275.4 45376 60934.4
1172.97 1182.6 1187.01 1191.18 1191.18 1193.48 1193.65 1212.89 1222.64 1222.64 1226.2 1287.33 1302.89 2877.15 4021.61 10156.1 12412.8 12419.7 13740.3 13989.4 15478.7 16576 17618.5 18554.2 18638.1 19702 19798.5 19837.3 20005.6 20051.3 20066.4 20074.7 20689.5 22018 23418.7 23679.2 25680 25801.6 27009.8 28179.8
1172.97 1175.78 1182.6 1187.01 1187.81 1191.18 1239.87 1255.76 1288.12 1289.81 4825.82 6400.2 6784.28 10624.1 16340.2 17796.6 18037.8 18505.5 18524.8 19535.2 19719.9 19771.7 21767.7 21888.3 24319.9 25488.6 25692.5 25712.1 26447.6 26985.2 28658.8 28760.2 29328 31180.9 38863.4 42702.7 44694.5 45948.7 49108.8 49108.8
1172.97 1175.78 1179.1 1182.6 1187.01 1221.88 1225.51 12395.3 18141.2 18570.6 18672.7 18733.3 18809.5 19023.7 19057.9 19105.3 19250.2 19765.6 19820.6 19844.1 20114.8 20203.4 20514.9 20585.4 20653.3 21384.6 23948.4 24551.2 26092.3 31556.3 31904.9 33280.7 34009.9 39286.3 43232.6 46710.8 53259.6 61616.4 61676.8 70786.7
1169.36 1172.97 1175.78 1179.1 1182.6 2273.44 2273.44 8293.95 17922.9 18162.6 18289.1 18467.2 18716.4 18890.2 19263.8 19383.7 19495.5 19609.6 19614.2 19662.1 19848 19899.9 20146.1 20552.9 21539.8 22206.5 22401.9 24281.7 24426.3 24505.6 26562.8 28978.2 31570.9 35809 36831.1 38210.9 38740.1 53696.2 53696.2 57951.5
1133.3 1169.36 1172.97 1175.78 1179.1 1188.32 1195.46 9335.77 11583.8 12096.3 12358.5 16377.6 16703.8 17925.2 18258.2 18434.2 18437.5 18732.2 19202.4 19347.8 19959.7 20066.9 20240.9 20411.6 20864 21763.3 22239.1 22822.8 25958.2 27209.5 27632.3 28045.6 33894.5 41827.6 42141.9 45022 48414.6 50268.1 54416.9 60483.6
1031.04 1133.3 1169.36 1172.97 1175.78 1188.75 1236.65 1251.67 2154.47 2919.09 3029.15 3483.77 4982.31 13983.5 16406.4 17964.1 18344.2 18449.4 18620.4 18826.3 18848.7 18960 19349.4 19499.1 20385.2 20875.2 21105.6 21119.1 23214.1 23752.5 24492.8 25127.3 25285.4 27989.9 27993.3 28605.9 29564.6 30009.7 31515.9 42777.7
1015.8 1031.04 1133.3 1169.36 1172.97 1223.04 5887.98 8792.48 10663.5 11903.8 14481.3 15256.9 17617.9 17781.6 17804.3 17921.9 17951.6 18079.7 18195.3 18198.6 18508.3 18729.8 19221.5 19322.6 19332.2 19613.5 19697.8 19715.5 21272.9 23276.8 30900.7 31850.8 38527.8 44115.2 49815.3 50288.5 51923.8 53233.8 53886.4 64843.8
981.261 1006.93 1015.8 1019.52 1026.06 1031.04 1062.17 1089.58 1133.3 1169.36 1241.31 6970.37 8674.6 10848.5 10861.9 12762.8 15001.5 16682.8 18145.8 18258 18765.4 18922.3 19117.7 19351.3 19914.2 20326.6 20326.6 20561.8 20766.3 21125.9 21775.2 22227.4 22344.3 22608.1 37011.9 37929.4 38866.4 50513 51727.7 63465.5
976.489 981.261 1006.93 1015.8 1019.52 4482.93 6568.77 7443.58 7468.61 9445.42 10375.6 13839.6 17571.4 17694.8 18385 18569.7 18814.1 19202.1 19244.9 19244.9 19375.2 19391.4 19442.9 19564.1 19611 20337.8 20389.4 20398.5 20764.2 20832.3 22343.6 24130.4 24153 28939.5 30852 30969.7 35970.8 37054.4 45347.8 52219.6
976.489 981.261 1006.93 1015.8 1067.94 1113.18 10529.1 13754.7 13809.4 15203.4 16325.5 16399.7 17493.8 18131.1 18473.1 18529.7 18626.6 18758.2 19269 19334.5 19519.1 19526.8 20067.4 20077.3 20330.3 20640.6 21395.3 22617.9 22872.6 24912.7 32055.9 32735.1 35807.4 38557.2 41127.2 41666.3 50467.9 52103.2 52676.7 62890.5
976.489 981.261 1006.93 1015.8 1056.36 12476.7 13901.7 13957.1 15182.8 15552.4 16505.8 17831.3 17861.4 18237.4 18246.4 18707.4 18996 18996 19124.2 19191.4 19308.6 19329 19395.3 19496.3 19610.7 19708.3 20124.9 21195.4 21506.5 21950.9 22110.9 24399.3 27969.9 32046.2 32378.5 40567.3 43449.4 45326.7 50697.6 63742.9
970.528 976.489 981.261 1006.93 1015.8 1056.89 1134.81 2998.1 8095.18 8193.78 11822.5 14638.8 17589 17660.2 18108.3 18624.9 18791.1 19041.1 19241.7 19504.6 19544.3 19720.6 19845.7 20700 20721.9 20972.9 21050.7 21306.5 21505 22512.5 24020.1 27321.2 28919 30099.1 32500.1 33591 34224.7 36040.3 45750.7 69543.8
970.528 976.489 981.261 988.233 1006.93 1014.55 2209.03 2674.14 3168.78 4955.64 9418.85 9773.16 16337.5 17146.9 17724.8 17918.4 17961.8 18090.3 18525.6 18558.6 18559.7 18826.1 19452 19980.1 20017.5 20215.9 20598.7 20718.8 20718.8 20883.6 20943.2 22129.7 23340.2 27174.7 28225.4 31136.6 34125.6 37318.8 37594.8 37594.8
970.528 976.489 981.261 988.233 1100.29 2642.07 3014.89 4126.73 4640.72 5378.33 6840.83 6942.75 8033.68 8113.38 9156.88 10488.3 17662.7 17739.4 17763.1 17971.5 18323.9 18672.6 18751.8 18858.7 18926 19130.8 19525.5 19562.5 19562.5 19848.2 19982 20369.8 20520 28382.8 33936.4 43422 54200.7 57884 57884 62474.3
936.413 959.349 970.528 976.168 976.489 981.261 988.233 1008.94 1048.55 4364.97 5443.28 6391.92 11737.7 15161.4 15190 15919.7 17614.9 17816.7 18026.4 18088.7 18238.9 18248.7 18941.4 19375.8 20113.2 21160.6 21429.2 21816.7 22325.7 22868.5 22977.9 24194 28080.7 30067.3 30747.1 48906.1 53715.6 62824.6 65874.8 66368.2
936.413 959.349 970.528 970.528 976.168 2406.86 3052.34 3055.74 3313.05 7869.09 8702.63 9574.31 9583.8 11202.7 12719.4 14878.7 17742.3 17817.5 18205.7 18631.4 18916.9 19153.9 19277.5 19780.2 20018 20155.6 20214.4 20531.2 21566.3 23052.4 24044.4 26081.7 31489.4 35383.7 41444.1 41637.7 42368.6 44762 48220.1 55559.5
936.413 959.349 961.811 970.528 970.528 980.606 988.137 1032.1 10142.7 10337 11033.3 12415.5 13632.1 13880.2 14170.8 14801.8 16860 17940.6 17940.6 18156.3 18157.3 18207.3 18327.2 18505.9 18521.2 18532.4 18928.9 19084.2 19221.9 19643.2 19812.1 22217.7 22576 23253.4 23594.2 29246.7 29535.3 34847.5 40497.9 53573.9
936.413 938.128 956.186 959.349 959.349 961.811 970.528 994.66 1059.96 1100.31 4112.72 7221.93 9316.01 10009.6 14488 16886.6 17839.5 18051.9 18500.2 18906.9 19200 19293 19433.9 19694.6 19699.7 19765.8 19770.2 20056.5 20072.3 20511.2 20885.6 21860.8 25370.4 32319.6 34199.3 35297.6 37836.2 51261 55286.5 58018.9
914.793 927.574 936.413 938.128 948.268 956.186 959.349 984.47 993.935 994.791 995.747 1015.06 7770.31 10748.4 10789.8 18083.7 18281.6 18482.2 18503.2 18599.3 18626.4 18665.6 18826.5 19084.2 19105.1 19165.4 19185.5 19301.4 19801 20414.6 21084.6 21099.9 21618.7 27194.6 30633.8 37081.3 40839.8 52433.1 52786.7 65333.1
907.579 914.793 922.764 927.574 936.413 938.128 950.283 990.027 2945.06 5320.66 8141.19 12975.8 14022.3 17395.2 17620.1 18389.5 18491.4 18945.1 18958.9 19000.7 19026.8 19114 19829.6 20002.7 20126.5 20351.4 20611 20882.9 20884.5 22147.4 25659.5 25831.4 30261.7 30629.1 31952.9 41308 44540 49060.7 64930.2 69598.6
907.579 913.492 914.793 922.764 927.574 954.823 960.345 991.833 7839.75 9097.61 12510.3 16141.1 17024.3 17913.1 17924.5 18186.9 18221.2 18598.3 18655.1 18760.9 19129.4 19844.8 20259.6 20300.6 20664.7 22243.9 22490.8 27517.6 29632.6 34800.4 37889.8 39726.7 44937.9 48296.4 50914.5 51392.9 52707.8 56587.5 60244.6 67661.8
907.579 913.492 914.793 922.764 1025.23 2396 3398.33 8093.64 10156.4 17238 17544.8 17544.8 18252.9 18351.2 18512.4 19169.5 19385.1 19438.1 19572.2 19612.1 19687.4 19800.8 19804.8 19923 20004.3 20040 20050.1 20102.7 20159.2 20214.1 20308.3 20382.6 20783.7 20810.7 20882.3 21751.1 29963.1 31671.5 34143.1 65740.8
907.579 913.492 914.793 922.764 928.51 935.187 965.784 10338.4 12886.7 17675.3 17745.4 17937.1 18054.5 18191.7 18388.5 18406.1 18577.7 18790.8 18811.2 18896.9 19116.3 19247.5 19517.2 19651.8 20038.3 20236.5 20346.7 20836.6 21035.1 21314.6 22937.4 25058.1 25188.1 25461.3 30178.4 43182.9 43914 50521.8 52846.2 55136.5
907.579 913.492 913.492 914.793 914.838 920.998 922.764 927.702 10281.8 14475.9 17796.1 18035.2 18230.3 18294.6 18398.7 18623.7 18644.4 18943.7 18958.1 18985.5 19148.5 19454.7 19664.6 19760.7 20193.9 20532.2 24677.7 31205.4 32366.2 32737 33287.3 33422.3 35226 37629.5 39434.8 44281.6 45187.1 46134.5 46860.4 47380.9
907.579 913.492 913.492 914.793 924.282 9032.25 10290.7 15332.1 17784.3 17906.9 17991.8 18358.6 18358.6 18637.2 18909.4 18969.6 19074.9 19161.6 19328.3 19600 19748 19760.8 19790.8 19824.6 19874 19911.9 19946.4 20192.6 20884.3 20998.9 21434.8 22110.3 22370.8 25744 28122.8 28855 42837.7 45511.4 56960.4 61654.4
907.579 913.492 913.492 914.793 933.027 5478.11 10406.6 10801.6 11984.9 17591.8 17754 17919.8 17923.7 18088 18093.4 18133.9 18150 18247.4 18468.4 18480.3 18566.1 18699.1 18798.5 18951 19096 19476.1 19898.7 20318.8 22073.9 23054.6 23596.7 23785.7 30961.3 33988.9 40711.7 41101.2 49550.3 51600.4 53725 55099.3
907.579 913.492 913.492 914.793 921.265 942.981 1063.4 3641.04 5390.7 10289.7 10339.4 11482.9 11552.4 14583 17503.9 17762.7 17934.6 17947.1 17985.7 18197.1 18219.2 18290.7 18318.1 18363.4 18792.1 19054.8 19174 19210.2 19266 19305.3 19306.6 21194.6 25902.6 33879.6 35504.1 41952.3 42631.8 42863.9 46944.7 48072.9
907.579 913.492 913.492 914.793 960.881 983.092 1030.56 6597.83 9329.76 10345.7 16143.3 17787.8 17819.2 17958.1 18249.2 18950.5 19072.7 19171.5 19231.7 19783.5 20167.5 20436.7 20804.5 20970.4 21104.2 21955.4 22395.4 22995.4 24051.5 25502 27542.9 36556.1 37090.1 41280.3 42823 43229 49511.2 53457.8 68016.6 69801.9
907.579 913.492 913.492 914.793 931.218 953.071 4958.5 4983.61 7074.46 7222.22 9821.75 11185.5 14605.2 14866.5 18154.6 18302.2 18458 18519.2 18646.4 18807.1 19003 19186.2 19367.6 20145 20220.6 20244.2 20337.2 20631.9 21020.2 21908.7 22154.8 23084.6 27103.7 34144.6 35065.6 35556.1 37105 39141.9 41902.5 42335
907.579 912.708 913.492 913.492 914.793 1019.39 1038.38 2364.76 2518.08 2661.37 3077.13 3152.08 3297.35 9451.98 9817.81 10238.6 10932.5 15748.1 16695.7 17173.1 18018.4 18048.7 18048.7 18544.5 18630 19082.5 19123.4 19266.2 19296 20128.1 20248.9 20718.4 21575.5 21718.4 23779.5 28570.4 32530 33810.1 36215 56838.8
907.579 912.708 913.492 913.492 922.327 925.636 959.592 970.082 1009.47 1012.26 1042 3566.08 6867.57 9574.14 10958.4 11583.2 11629.1 14662.1 17074.9 17216.9 17604.1 17635.5 17918.6 18043.3 18509.1 18511.7 18712.5 18794.8 19045.2 19112 19742.4 20695.2 20828.2 21621.4 22229.8 23055.3 23310.4 23401.3 54398.2 65193.4
907.579 912.708 913.492 913.492 972.738 2389.34 8716.43 8746.37 9132.69 10248.8 11904 12863.6 15592.8 16402.8 17175.7 18028.5 18643.2 19261.4 19267.2 19455 19529.8 26773.8 26980.2 32365.6 32574.6 36211.4 39088.5 44866 47010.2 47455.6 47460.3 48435.2 51720.5 53396.1 55307.6 56398.8 62962.5 63532.6 64301.7 64355.8
907.579 912.708 913.492 913.492 935.627 1053.68 2753.26 8993.23 13654.3 15520.3 16620.1 17420.3 17707.3 17716.2 18012.5 18021.1 18180.9 18481 18485.7 18486 18777.4 19261.7 19300.3 19422.8 19587.9 20041.6 20200.1 20611.6 22810 23667.7 24198 25132.5 27599.3 29163.6 31156.6 38207.9 39199 39254.9 42562.5 51832.4
907.579 912.708 913.492 913.492 921.836 944.415 968.884 16399.4 17040.2 17665.8 17987.6 18271.5 18273.3 18351.5 18564.8 18712.6 18815.1 18849.8 19102 19114.4 19391.4 19689.5 19690.7 19730.1 19831.5 20260.9 20336 20357 20495.9 20691.7 20844.8 25059.6 29827.2 34729.5 35709.5 39070.6 39705.4 41502.5 54271.9 59917.6
